100
0 1,07847
1 3,60439
2 3,60439
3 2,83396
4 0,18081
5 0,18081
6 2,73667
7 2,73667
8 2,28973
9 2,26646
10 2,26646
11 3,7037
12 3,7037
13 2,54594
14 2,54594
15 2,33692
16 3,52545
17 3,52545
18 3,52545
19 4,05823
20 1,35283
21 3,25316
22 2,38985
23 2,38985
24 2,38985
25 2,94987
26 3,16897
27 3,34426
28 4,86589
29 4,86589
30 3,58471
31 3,58471
32 3,45883
33 3,67455
34 3,67455
35 3,67455
36 1,6398
37 1,6398
38 1,6398
39 3,12502
40 3,03545
41 3,03545
42 2,30814
43 2,30814
44 1,79278
45 1,79278
46 1,79278
47 1,63015
48 2,65692
49 2,65692
50 3,01545
51 0,7128
52 0,7128
53 1,82852
54 1,82852
55 1,82852
56 3,31056
57 3,31056
58 3,31056
59 3,9355
60 4,33904
61 4,33904
62 4,20534
63 2,63094
64 2,63094
65 2,23503
66 1,90002
67 1,90002
68 1,66444
69 1,70803
70 1,70803
71 2,15776
72 2,15776
73 1,92695
74 1,92695
75 1,92695
76 1,76272
77 0,67968
78 0,73596
79 0,73596
80 2,19195
81 2,19195
82 0,89482
83 0,89482
84 1,96631
85 1,96631
86 0,75314
87 0,58027
88 0,58027
89 0,96871
90 2,70868
91 2,02361
92 2,02361
93 0,94789
94 0,94789
95 3,6281
96 4,39383
97 4,39383
98 4,0646
99 4,0646
